3.843749
-2.050123
-2.242942
1.056436
1.985661
0.6954615
-5.064970
-2.366635
3.576429
4.706033
5.731850
4.296353
0.2986629
-1.883283
3.715455
0.9084458
4.984427
2.206116
-0.6856670
-1.320488
-3.665742
0.7897504
6.892211
4.030338
0.2394019
1.723875
3.565877
1.433958
-4.695103
0.5645939
3.216496
-0.4544541
3.148868
-0.4376919
-2.560848
4.895196
0.6853113
0.6704035
-0.3249308
3.336690
2.869213
5.576556
2.286067
-1.460544
-1.646974
-1.834585
5.527623
-3.276212
0.8425575
3.284077
-0.4012128
-5.546549
1.063404

-3.231850
3.104955
7.249306
-4.327003
4.550355
0.8436165
-2.232560
0.7561187
-4.951215
-7.7970773E-02
-3.145431
2.043207
5.345358
1.490999
-6.352378
3.369663
5.072525
1.636241
5.153211
-4.066747
2.556649
1.846633
5.047340
-3.777792
4.752370
3.208430
1.597890
8.868671
2.868288
-1.177170
4.995808
-2.003839
-0.4127177
7.103333
3.951132
2.546328
0.4826052
3.816585
-1.042058
2.794557
0.7145420
0.7083927
3.325062
1.123276
5.844421
-0.8555045
-0.2889152
7.954839
-0.7226752
3.874495
3.412880
-1.363069
4.601065

2.966344
4.881544
-0.7054533
1.188906
0.4604381
-4.075916
3.401609
6.189533
7.144891
0.2334705
3.131576
-0.1466888
2.603810
-6.0234934E-02
-0.7073802
4.268734
0.8666366
1.228264
-1.739761
1.608540
-0.3849549
2.051287
5.199687
0.7089590
-4.233989
-3.947944
2.122440
4.001380
-0.1425295
-0.1830669
-0.5554035
3.776522
-0.9015321
3.274379
-3.248167
-0.3540176
5.670084
0.4067388
-2.124006
4.679941
1.811392
-2.858558
-3.406221
0.8771547
-5.341310
-1.374666
4.983531
3.823824
2.149750
2.207627
0.2528577
2.881346
-1.092417

6.296626
6.234916
0.2682843
-1.731177
-1.115715
-1.091211
-3.361629
3.010061
-0.2137050
-3.272406
1.467090
-1.038100
2.980500
0.1166920
0.6814093
3.354989
4.233103
-1.390263
0.8272877
2.575092
1.628754
1.371969
2.825092
-0.1333425
0.6590927
-1.456604
0.8766707
5.569291
1.638380
1.672430
4.802203
-1.711332
2.030255
2.224123
-5.3592354E-02
-1.145516
0.8843037
7.326513
-1.256109
1.982823
0.6153040
-3.860052
-0.6752234
-1.831104
5.125384
-4.279841
6.888804
2.892646
6.357655
-2.099433
6.263632
-0.6643858
5.176830
-1.714378

-2.654295
1.369888
-2.612113
3.860296
2.498827
-2.909622
2.632527
4.172973
-1.444262
-1.076992
-4.261604
2.438761
-5.632815
-1.202734
-2.270490
-0.1509814
3.395144
0.7087865
2.210811
6.343675
3.349886
0.8012320
1.585786
0.7289039
0.4116945
-5.734191
-0.7082678
-1.804152
2.323947
-1.269729
2.779961
-2.192759
1.792108
1.085302
-2.445214
1.845232
4.863553
3.608460
-1.803489
1.976405
4.099359
5.735182
-6.026058
-1.782658
3.647856
-1.928717
-0.5879654 7.7839822E-02
0.7535315
-0.9246926
1.273428
3.220858
2.852857
3.311292

9.791680
1.513599
3.687244
0.6204268
0.3142141
-6.121787
4.861618
5.193942
2.031069
2.6343554E-02
7.058850
-2.944394
2.689299
2.672528
2.350444
4.054073
-2.481212
-0.6697541
2.047554
-3.433203
-2.670214
2.239068
-3.539268
1.869443
4.105333
3.173778
-0.8985362
-0.9798170
4.031769
-0.3992006
-4.000272
-3.648399
-3.034666 7.9728454E-02
0.9542217
-1.639197
6.373590
-0.1883363
0.3150565
4.019659
-4.095213
1.281714
-1.417425
0.5499979
1.011451
-2.946196
-5.328962
-1.715246
3.783439
-0.3651991
0.1508480
2.400561
2.401175

0.3196563
4.249898
-2.103344
3.966242
0.7118351
0.5374695
3.770243
-2.697948
0.9797419
-1.280384
4.249951
-1.350021
-0.5218053
2.243867
5.061437
2.545391
1.747356
2.838278
3.671679
-2.764964
0.1782767
2.164626
1.153325
-4.484721
-0.1585156
-2.095101
2.092385
-2.968354
-0.8394564
-6.616449
0.7787887
1.294909
1.489198
-4.361083
-0.6075244
0.5839263
1.339538
3.048920
0.4676482
4.934677
-2.562181
0.4754362
-4.138473
6.273971
-1.197265
0.8360510
-0.9726626
2.704635
5.213784
-1.032875
-5.017070
-1.240928
-1.034829

2.038186
-7.4192971E-02
-8.224078
2.641062
-0.6178289
1.092609
0.6236818
1.972491
1.389409
0.2083352
0.5968578
-1.756361
-1.619684
2.274289
-1.829721
4.788380
-0.5377138
0.5475910
-1.720618
4.214437
3.450103
-2.574211
-1.779031
-3.096793
5.952785
-2.400508
2.802164
2.301493
1.926738
-0.6567392
1.616383
0.9159265
1.915976
-0.1889753
-3.032937
5.773571
0.6175786
-2.936131
1.062376
4.870182
-0.9028690
-0.3039261
0.4782466
-1.217160
1.428457
4.244038
4.221364
1.022110
5.131807
1.814685
-1.591927
-1.445996
0.7277350

-1.044369
1.989609
3.727410
-1.590420
1.207299
0.5966647
3.037225
2.603044
4.502264
1.855724
0.4653896
5.572495
3.840596
2.207793
2.965458
-0.5411047
3.484685
-1.239019
0.8313933
4.259349
4.492762
4.083973
2.776672
6.987007
2.508005
-1.657524
-1.314503
7.541677
0.8812570
-1.763534
2.512991
-6.369043
5.911204
-3.464435
4.304055
3.595039
1.614060
0.2839887
-0.8071678
-8.440247
4.434934
0.8793261
4.327399
-2.322871
-0.2193979
-9.0185642E-02 1.065084
5.966969
-1.410042 6.9808036E-02
-0.1455276
-2.580375
0.3148350

-7.0364207E-02
-4.708947
-7.9969734E-02 4.773880
2.232286
-2.218602
6.629807
7.116520
1.314162
3.2487333E-02
-6.096182
-0.1184670
0.5489447
-1.821744
-0.2572654
2.042424
-0.7496967
3.020997
4.098113
-0.4973262
4.316925
0.6510831
0.4191437
-0.1695926
-1.645190
4.447369
4.529774
1.376466
2.576869
-4.193223
-1.796907
-2.185312
-3.560184
3.664340
-3.699802
6.180207
-0.5790447
2.785946
-0.1165902
-0.1228139 8.1832558E-02
7.207255
-2.164435
2.717931
-1.822534
-1.492084
-3.944735
0.9095099
-0.7018166
0.5711194
-1.480556
-0.3609751
4.900229
-0.6117839

-1.516132
-2.658763
3.491467
6.865259
-5.834165
6.094774
-1.202795
-4.555548
-1.288364
1.112298
0.4621040
2.653432
-3.377024
3.912101
1.608324
4.091239
-0.7003462
-1.107519
1.315476
-0.6166301
3.852752
6.938772
2.906403
-2.434449
-3.224804
1.693111
5.613987
1.376969
3.716552
-2.603503
-1.896181
2.496044
1.794034
2.301810
-0.8727643
1.227951
0.8673370
-2.944333
3.230124
0.6890441
3.061186
-2.642446
-1.630271
1.211859
1.865262
4.651176
-2.360421
-1.397395
4.578600
2.112900
5.952948
-1.300756
4.005973
1.534322

0.4373128
-1.265459
4.783118
-9.324821
4.234151
1.170412
-1.893231
3.854952
-2.782519
1.800962
1.867613
5.381961
6.609095
6.646674
0.4360161
6.6443652E-02
-1.678753
-0.8125226
-4.921497
2.894510
6.3962609E-02
4.912205
3.137836
-1.375547
0.7655810
-2.758225
-0.9835615
-2.597201
-5.014729
5.384859
-1.565657
3.363858
0.3070230
-0.1109897
-4.329626
2.331473
0.8168143
-0.2899841
3.647020
4.811540
1.083502
-2.776196
8.998528
1.226234
2.201247
-1.062689
-1.143813
0.4828443
-0.1332679
1.835137
-1.443069
-2.016537
-1.939388

1.544523
4.287228
-1.148552
-1.207330
-0.6069871
0.8896700
6.549792
0.6824650
-2.378947
-1.765468
4.316406
3.793823
0.1778351
2.578344
5.091678
1.342164
1.639590
-1.177616
-2.191060
3.114445
1.334180
4.155403
2.503407
-2.388358
-4.135585
0.6268649
2.454232
3.488392
-2.759439
-5.452941
1.175711
8.154884
0.7138162
4.063710
5.457078
2.506575
1.9154251E-02
2.931802
0.1621863
-4.290917
2.852547
-1.449449
5.443125
-0.4512622
-2.713828
5.889526
-0.5089782
4.771844
1.724848
5.154351
-4.965308
6.987670
4.764354

2.857800
4.906334
-2.145930
1.043560
4.164046
3.379457
5.127223
2.033418
-0.3949946
0.8628374
-3.992606
-0.2216462
2.854158
-1.730859
2.661725
7.321795
-3.157420
-0.1511242
0.9340319
-3.361513
3.963143
-1.389557
1.962681
2.907222
1.927740
0.4422335
-4.515067
2.703096
8.347933
2.763034
-3.4357071E-02 2.592642
2.605254
-1.987273
3.608946
5.204038
-2.721724
3.125255
-1.6555697E-02
-1.207552
5.170202
1.407620
2.927700
5.531100
1.479225
-4.460536
1.664435
0.7525910
-1.911799
4.007231
-0.8133948
0.2378455
-1.249414

2.139071
0.7220509
-1.866370
2.574397
-1.225860
3.266896
1.142916
3.495773
3.400837
2.617503
4.228697
2.554629
2.275471
1.660006
3.579858
-1.638981
-0.6477981
3.046196
1.812814
-1.944114
7.394193
-1.401583
-3.111502
-3.794859
-1.415378
2.994498
1.052808
1.150055
2.890709
0.3523821
-1.186990
-3.582910
4.953218
1.608063
-0.7726589
1.400097
-3.316840
5.152478
0.3768401
2.440214
4.973293
-0.3316306
-1.464274
-1.148990
0.8021482
1.920223
0.2678280
-1.615779
1.990248
-1.840508
0.7783977
2.299644
4.227381

2.785126
3.762745
-2.042264
1.987645
2.240527
-3.641051
-4.144767
2.764030
-1.127630
1.036515
-2.697732
2.777320
-1.596507
-1.935705
1.849079
-1.921636
-2.286300
4.878983
3.586327
-1.881326
1.568248
7.462472
1.588328
-4.331929
1.834921
2.966598
-7.9085588E-02 3.002800
-1.9832015E-02
-0.4174275
1.460376
0.3945233
0.1360236
4.384603
1.143014
-5.275394
-5.0871879E-02 6.072656
0.7712702
3.341897
-0.3998477
3.029800
1.103638
-3.104091
1.310747
3.347635
3.214534
6.978286
-4.969955
1.305709
1.614306
5.778491
1.343404

1.737324
7.431510
2.598672
0.2641973
-0.4357202
-4.025394
-1.990121
5.497996
2.725777
-4.027346
-3.060553
-2.940066
3.448317
-0.9548075
5.328600
0.1802570
5.104580
4.662767
0.6574630
1.666810
2.115126
1.709228
7.872316
-0.4006150
-1.393421
-0.2376104
5.357911
-6.2382400E-02 3.273718
6.608972
5.257498
-0.4911881
7.401573
4.999128
-1.387183
0.9295553
-3.418918
4.290087
2.940672
0.8973159
-4.071164
-0.3197438
-0.5578109
-2.528322
-3.325849
3.337915
3.075286
6.257088
-2.158550
-0.8868491
2.250740
-8.943965
2.666596

-0.9899902
1.576730
1.771534
-3.557743
1.240970
0.9298823
3.540331
3.616082
3.913832
8.763431
3.899746
-0.5080422
2.924367
4.421753
-2.084605
0.5889579
2.441085
2.103162
1.910024
2.119884
1.097464
-0.6120044
3.263258
0.2779269
-2.687629
-0.4906908
6.489135
1.025656
3.986077
1.480682
-1.017028
-1.261070
-0.7956131
1.494321
-0.2945449
1.158152
3.613438
3.438734
4.617601
-2.748596
-2.961140
-7.412618
0.1449176
5.906504
-0.4439869
1.611442
2.378022
0.4489625
3.718011
-0.7647993
-0.4331899
-2.990386
3.973980

-3.046818
0.3552755
1.391708
0.9218449
4.019305
1.521289
3.022334
-1.221914
0.8104692
-1.752249
-1.295072
-0.4337207
-4.508492
0.4909234
-2.142101
0.6062186
5.149415
3.411743
5.1616311E-02
2.058453
6.880402
8.349437
4.663070
3.262006
-0.5762815
-2.807765
-0.9673011






































