2.472551
1.596408
2.812581
4.591750
2.354284
3.008180
5.297133
4.021732
5.860088
3.333071
6.053412
5.192011
3.421689
2.669409
1.744869
8.000925
2.111031
1.401444
4.761826
6.097487
3.220773
1.885796
2.442181
7.515876
2.630010
0.6041921
5.933834
5.784283
2.872594
4.592469
2.243535
1.978784
2.883107
2.083489
4.552667
1.482984
4.535889
2.236018
7.710367
1.517716
7.860141
3.264436
0.7822167
3.317966
6.758206
4.999015
3.158031
2.447618
2.516844
1.230388
6.242944
3.923515

2.085589
2.737653
1.368044
3.658692
2.764136
4.678609
2.947789
3.231162
7.116000
1.704867
3.645421
2.934228
3.090449
3.236919
3.281876
6.864614
3.516809
4.750580
4.856502
3.226923
1.717549
4.461668
4.425921
3.149987
1.455090
4.480011
2.096323
2.567849
5.140304
3.593669
1.993362
2.430960
2.169869
1.844663
3.412324
7.559422
1.717938
4.410469
3.120613
5.327412
2.603410
3.642919
3.511165
2.625175
2.558745
4.490221
2.573202
2.450413
2.199821
3.932405
6.176258
4.427685

2.872638
5.866406
4.001144
3.313266
3.590219
5.563536
2.832778
2.800020
4.636117
2.381567
3.218120
2.334784
5.989638
1.968596
5.898541
4.449460
3.744344
4.530514
1.860103
4.000663
5.959087
4.937743
11.50781
5.469083
5.062909
2.611717
6.755911
3.343174
2.413965
2.026902
3.477553
2.652917
2.645555
2.095275
7.371644
5.091523
4.741539
2.290356
3.519456
2.651573
2.861450
5.859282
1.952540
1.896569
1.163981
3.483446
4.790866
3.928686
3.416237
2.753460
6.585065
2.758244

3.836915
4.053652
4.428620
2.414019
2.944618
3.539865
8.363976
2.272271
1.147709
2.773996
3.524048
6.366426
0.6281576
2.876111
6.356497
4.392604
1.470488
7.024126
5.201192
3.314155
5.303176
2.033909
1.132693
3.058234
2.346015
4.657333
3.324154
5.839437
1.537450
4.925262
5.042849
7.410068
3.928235
7.470601
3.952836
6.656708
6.693021
1.634417
3.873237
9.451990
3.582871
3.717990
5.216471
3.658895
1.003393
4.408242
6.244110
1.717546
4.416341
3.681014
1.346006
5.393618

3.003440
7.155656
2.417398
2.548610
6.333948
2.838470
4.417190
8.822043
4.407598
9.468368
3.702833
4.792806
3.732271
4.301021
2.583223
5.134734
1.452084
4.228578
1.125440
6.852054
3.880701
2.410178
5.531590
5.318092
1.415498
4.149244
3.039581
0.5286180
8.193349
2.841148
4.647269
2.949472
5.044201
1.554805
0.8304777
1.590509
4.930025
2.789576
4.418356
3.121842
3.199822
5.398263
5.164180
3.269394
3.519330
5.700330
3.698573
5.208163
3.861138
9.911973
5.014057
5.347197

3.624821
2.369250
3.232356
3.133610
4.139886
5.337424
5.646830
3.553987
5.765679
2.139976
10.67394
3.567396
1.085809
2.515636
4.620587
1.622380
8.398115
1.725213
2.441862
5.609923
2.387299
3.465524
3.566418
3.690854
4.492264
1.513879
4.990096
2.755936
1.853380
5.028998
4.957229
7.415814
3.718696
2.455943
6.068418
4.099877
3.474037
3.588978
3.073819
6.076749
4.356809
3.051346
2.711871
2.624196
4.517611
5.722294
3.320911
5.704250
2.775223
1.304498
6.267715
2.104979

6.119428
3.951192
3.374708
4.326981
3.083300
3.750835
2.405060
5.452662
6.811900
6.017795
2.709332
6.027651
6.697065
2.718846
2.073483
2.182096
2.132510
6.970559
5.169242
4.002977
3.385964
1.617412
2.581908
7.993036
3.036246
3.422027
3.768598
5.614473
3.430490
3.757656
6.643980
2.924274
7.080194
3.390456
4.207121
4.137222
2.971402
2.739266
1.384238
3.008327
2.903256
6.371601
3.307679
5.183492
5.911718
3.049625
5.623953
3.868243
1.588085
2.099546
3.609339
1.658010

3.022550
6.395244
3.779265
4.701245
3.412347
1.144665
2.405053
5.241765
5.338502
1.031390
3.681768
4.777745
6.753947
3.457513
2.621803
6.356564
4.907679
6.189149
2.611009
2.810635
3.156440
2.589359
1.986425
2.758906
2.236236
4.618335
7.636569
4.350195
4.772173
3.988050
3.078475
3.077278
6.193151
4.857259
2.722648
2.650251
3.452655
3.893578
4.539797
1.946446
1.881461
6.545473
1.714949
1.175419
3.114728
4.583736
2.063444
4.917618
1.971349
1.468577
0.8944483
4.291249

3.056881
1.863623
3.470404
2.547337
2.588363
3.704424
2.659346
8.544469
2.767199
1.802629
2.124322
4.132021
6.119204
2.481891
3.572294
4.192306
3.596580
3.892182
8.185624
0.9817717
4.705648
1.553893
9.153388
9.657193
1.298994
4.283031
5.207617
3.022572
8.227144
3.965408
4.152368
2.386396
2.747246
5.122801
2.970365
3.155625
2.317805
3.109775
1.431979
4.630140
1.088625
4.537415
3.504323
3.598304
4.801952
6.033642
5.105678
5.358990
5.328040
3.954756
2.643053
7.871501

2.653639
7.348530
2.877631
4.112868
7.760790
4.397078
2.253110
2.852771
2.631119
1.604580
2.530715
1.762148
2.025771
9.184593
0.8070056
2.110634
5.399111
3.408924
3.509840
3.575137
5.410588
2.599514
2.497963
1.752915
7.307607
4.733894
2.556588
5.781451
4.226009
1.746563
3.049310
4.299709
2.737676
1.971156
3.597612
2.462377
5.274077
2.659903
1.089741
1.076307
5.883014
1.503670
0.7897248
1.584973
1.257560
1.751996
3.821042
2.891405
2.922747
2.185543
3.635410
5.830877

3.995106
4.100586
4.934374
5.957895
6.705661
2.284418
2.577877
2.593056
4.409411
2.730318
5.316834
3.466693
5.027271
4.759671
2.699170
2.180740
4.871223
1.223272
1.581057
1.755284
1.923465
5.234119
3.366723
2.249173
1.594866
5.121860
2.455866
4.066452
1.203873
2.382740
3.679682
3.013318
1.866739
2.427369
3.542981
2.329115
2.744086
9.986817
4.169592
3.281980
2.750023
1.709005
7.850744
3.515033
2.666438
1.947528
2.831458
3.044202
3.205635
3.797466
3.339179
3.442362

4.713481
4.912788
3.013264
7.006699
4.321092
4.795388
1.800313
6.797002
2.632971
6.407401
2.963125
1.952508
1.154614
4.364139
1.756107
2.699897
6.282729
4.931869
5.308188
3.954594
5.010883
2.898253
1.559055
3.574892
6.856859
1.841988
0.9778272
5.426417
3.854007
5.284690
3.993053
5.874944
2.379849
3.202747
4.946502
1.982548
4.332493
6.359442
2.819005
4.888932
5.812556
2.032304
1.599994
4.204965
6.573444
3.314312
3.025664
4.210461
8.124454
2.851988
2.921977
2.675358

3.258375
3.331667
4.488943
4.295091
2.892017
4.375482
4.494473
2.964895
5.504740
1.457251
0.8758876
5.049455
2.467007
2.686931
6.160425
5.928288
2.406101
3.445872
5.275511
2.735100
3.943627
2.639414
4.012385
2.635718
9.126487
5.629005
4.277868
1.533343
5.158658
2.387632
4.304567
8.408222
6.164104
7.140710
2.303458
2.276313
4.974467
2.114520
2.282691
3.150909
3.746336
4.110347
6.855992
2.719744
3.621940
8.248344
2.941836
0.3012502
3.856143
1.149425
4.237741
2.633900

4.708430
3.271342
4.880592
2.503077
3.556846
1.852869
2.821166
5.592447
3.419960
7.591065
6.163151
4.221242
3.046186
6.217955
2.406448
4.602598
8.550273
2.632068
3.984297
0.6870159
4.366879
2.375797
2.503094
3.854571
4.671824
2.491267
1.530311
2.088161
3.278066
5.024527
2.719738
3.514196
2.503184
6.130802
4.012058
2.307868
2.716460
2.765403
3.252402
2.117970
2.451261
2.274720
2.894690
4.633304
4.181043
2.756387
5.504252
1.947820
2.175703
2.316364
3.338368
3.456753

3.139178
3.633909
3.691690
4.143986
5.103795
3.794295
3.696160
2.725360
3.005486
4.347270
10.33864
4.202821
2.450675
1.821054
2.819017
5.223036
4.412393
11.25303
5.252020
4.292668
10.72073
1.772130
3.699578
2.688931
2.588126
4.407297
1.840084
5.017420
4.538418
2.638295
3.454797
3.041378
5.241136
3.381875
1.077369
1.770861
2.010990
5.094807
2.075209
4.166534
5.651995
4.490552
2.299317
1.260545
5.897700
2.864079
4.782231
3.329575
6.913117
4.989552
0.7707981
3.839719

6.192964
3.486102
3.048044
6.127850
3.309393
1.854032
3.981671
2.975905
2.519610
0.6976304
4.029095
6.073706
2.486372
3.779399
2.045763
4.630958
2.524479
4.067736
2.177548
2.534117
3.195131
2.447786
5.945897
3.536289
1.541568
5.126801
2.830795
6.360789
10.18304
1.913857
6.144374
3.950998
5.434765
7.541051
3.419003
3.379142
8.294250
7.786621
7.431760
3.291925
2.588119
4.272591
0.6401060
6.035556
4.021356
4.190899
1.714364
3.899463
3.567065
5.785083
4.561178
5.023242

3.529665
2.125234
3.775289
7.828547
4.556573
7.418718
3.684998
1.516450
2.483413
7.126372
4.013830
0.4624369
2.230771
3.202045
1.771199
1.277010
2.878436
4.227055
2.872027
3.871563
2.865734
6.943156
2.044052
3.082604
6.677069
3.231110
4.978033
4.498079
4.086740
2.985173
1.997579
9.688536
1.337461
4.587902
4.320714
4.045523
2.703724
1.426740
3.292015
4.147129
4.639912
3.574162
2.774567
4.146234
6.078860
4.625974
4.868804
1.183969
3.504365
4.384812
2.103882
2.637323

4.005923
1.761259
5.610332
7.954840
4.645592
5.632581
1.164493
2.119860
2.693444
8.550570
3.081535
6.377853
2.053304
1.749512
1.338771
9.042723
6.152553
7.348085
0.7477615
2.827113
1.627715
4.147906
1.969718
2.252069
5.634166
6.265673
3.631786
8.371390
1.033362
4.555734
4.208133
5.021179
3.503932
1.544363
6.692492
3.830939
2.170749
10.57745
4.186837
3.287779
6.064285
4.128560
6.360090
1.865967
1.390465
9.645555
2.081953
5.727253
7.282640
2.595411
2.512868
4.808128

0.5135902
3.323979
2.228351
2.846669
3.139165
3.404017
3.430807
4.633448
12.00064
3.681319
1.874118
1.483766
2.703665
5.867677
4.187229
4.391068
3.963137
1.557444
6.464756
10.80028
11.60141
4.599006
1.935590
2.303893
4.664422
3.337293
3.557683












































































