6.8582341E-02
0.1975794
0.7573308
3.1104051E-02
0.1438785
0.4775731
0.6526992
2.9977061E-02
0.2320920
0.4665186
0.3086207
9.1709264E-02
0.2328927
0.6328105
9.8304868E-02
0.2964659
1.003728
0.2566396
0.2358985
0.6842537
0.1283843
0.1793960
1.437466
0.4810142
1.8358504E-02
0.3272834
0.5496633
1.041438
1.5886303E-02
8.0919288E-02
0.2711901
0.8326463
0.2676108
0.2228963
0.1887200
0.3454213
9.7116821E-02
0.7902099
0.6534230
8.7177746E-02
0.5209954
0.4973237
0.3235569
7.7898004E-03
8.0990739E-02
0.1607389
4.8485599E-02
7.8583196E-02
0.5948027
6.0484879E-02
6.6222437E-03
0.3098580
0.8064967

0.2324572
0.8639442
0.1979040
0.9404499
0.2697518
0.4032118
0.1552480
0.5145790
0.1373486
0.5825217
0.1017144
0.9477130
4.2040683E-02
0.2363262
0.2259964
5.3742673E-02
0.3023266
0.1253951
0.1771531
0.4510255
0.1353075
0.2031335
0.1852673
0.1199438
6.4442448E-02
0.2096050
4.1411050E-02
0.2285549
0.1623756
1.080233
8.8113047E-02
1.5540482E-02
0.2905765
0.6328962
0.7736637
1.017141
6.3056365E-02
0.4549689
0.1799679
0.5459712
1.165862
9.4777927E-02
0.2136693
0.4285537
0.1745675
0.5727749
0.1650487
0.1929765
0.4129554
0.5415291
5.0315104E-02
0.4613467

0.3865021
0.3381515
0.5025390
0.1231377
4.5310133E-03
0.8120937
0.3319969
7.9318501E-02
3.0723453E-02
0.6559585
5.9988506E-02
4.6296019E-02
0.1935017
0.2599544
0.2414503
0.3714293
0.5401415
0.1331769
0.3441730
0.7085568
1.2266408E-02
9.2796288E-02
2.0951333E-02
0.6876383
4.1535687E-02
1.5457156E-02
0.2822826
0.4724118
0.1031382
0.4461597
0.2066206
0.2433483
0.8465550
1.6735723E-02
2.247180
5.5974521E-02
1.7853677E-02
0.2427494
0.1470377
0.4277768
0.2764885
0.1714604
0.2980626
1.013320
2.4919892E-03
6.6184469E-02
0.3719372
7.4497335E-02
2.9417448E-02
0.3909086
0.6634628
0.2011038

0.1366002
0.5444669
7.1062319E-02
0.6529705
5.0651981E-03
0.2064679
0.1569504
0.2466955
0.6114259
0.1925835
0.3016020
0.2634231
0.1115414
0.5274848
0.3625745
0.1346259
0.2545170
0.5229968
0.6410339
0.3130608
0.1428653
0.2540346
0.1984578
0.1435064
0.2805191
0.2529351
0.2547926
0.1029431
0.2429840
2.2316102E-02
0.1496770
1.694507
0.5920206
0.2413584
0.1851352
0.2184844
0.3945274
1.1422593E-02
6.7091189E-02
3.7411198E-02
0.1226584
0.1179055
9.2147470E-02
0.1059499
0.1398715
0.4713600
0.1659526
6.5866232E-02
0.2375505
0.5682933
0.2931549
3.7725931E-03
5.2434638E-02

5.2825350E-02
6.4868189E-02
5.3515382E-02
0.6094455
0.1941618
5.3079017E-02
3.0829553E-02
0.4463905
0.2396304
2.7601443E-02
0.3325944
0.1330160
7.4685372E-02
0.3639167
3.1655625E-02
0.3623064
0.4971762
0.9881920
1.9571923E-02
0.1835228
0.4171849
7.2477855E-02
0.1737657
0.6217580
0.1558228
1.081073
0.7313932
0.6589735
0.1254740
5.1459949E-02
0.1194676
0.1755808
1.2326622E-02
6.1775692E-02
7.3705666E-02
4.4286262E-02
1.310411
9.8858193E-02
0.1413328
2.8154500E-02
0.1093414
5.5646203E-02
1.7123356E-02
0.2858950
0.1878377
0.1479115
9.1017690E-03
0.4143092
0.2578569
0.6954517
0.3060390
0.2096729

0.1157607
2.5358727E-02
6.8891592E-02
4.7998637E-02
1.120217
0.2935000
8.6952046E-02
8.7859659E-03
7.8553945E-02
0.3665688
0.5251926
0.5973507
0.3531844
0.2420525
0.1560635
0.2756216
0.1217761
0.2089092
0.1646411
0.7801266
0.3374012
1.5503358E-02
0.5284085
8.2870759E-02
0.2435645
6.3212827E-02
0.1060434
0.4912103
0.3488041
0.2043266
2.5101038E-02
5.0647814E-02
6.1095599E-02
0.3791551
5.8029689E-02
0.1637252
0.3875202
0.4150077
0.3888344
0.1657369
0.2771711
0.1713185
0.1246521
0.3660334
0.5324009
8.3014898E-02
6.8310015E-02
0.1026980
0.1936033
0.1739230
0.2687469
3.9649725E-02

1.1265025E-02
0.2332595
1.4662592E-02
0.1087070
3.1193936E-02
0.2169666
0.6761966
0.2513652
0.1613602
0.2043831
0.3189487
0.1662908
0.2566815
0.2214451
0.6529880
5.0133776E-02
0.7227809
0.5990555
0.9365664
0.5923322
6.3837655E-02
0.1239038
0.3779896
0.1126140
0.1885263
3.4594875E-02
0.6189489
0.1423018
2.3025288E-03
0.3966558
0.5164744
0.3914978
1.7080201E-02
0.2369172
5.1843364E-02
0.6512177
0.2443036
3.4250032E-02
5.9114318E-02
0.1020158
4.8824638E-02
1.357985
4.0378846E-02
0.2056799
1.103827
6.7036778E-02
0.6616073
0.3343257
0.1882061
0.8656719
1.025455
0.4629974

0.3379977
1.132709
1.5227911E-02
0.2534142
0.6055172
0.1860743
0.3173344
1.7636303E-02
4.4588663E-02
0.1308546
0.6141027
0.8061724
0.1085213
0.1327141
1.333305
5.1687025E-02
3.8582698E-02
4.1899192E-03
0.9254667
0.2733917
1.079197
6.8298966E-02
0.5551797
1.456200
2.5493858E-02
0.2309222
0.1196963
0.2083741
1.093936
0.4304048
5.0239414E-02
0.2099660
0.5673758
5.9350889E-02
9.5776446E-02
0.1204114
0.3192686
0.2927698
0.9861820
0.5591853
0.9881755
4.5448234E-03
0.3049531
0.2819209
0.9125922
0.1443536
0.1226783
1.679974
6.9662690E-02
0.4216177
0.4100771
0.2861211

0.1319183
1.1553863E-03
5.6097478E-02
0.1152917
0.1452851
0.4279426
0.7100152
0.5258198
0.1549682
0.8653246
0.3485946
0.4578970
1.069384
0.2140634
6.8029441E-02
0.4420583
0.7561224
0.5300468
3.6438625E-02
0.1769511
0.4675383
0.1047136
0.7475249
0.1453996
0.2032998
1.358217
0.1248756
0.1799927
0.2559815
4.5816466E-02
0.1598803
0.1554705
0.5795936
0.1877347
0.1705952
0.2159394
0.5615055
0.4350644
0.1117753
8.7675132E-02
2.8976319E-02
0.1254060
0.5197455
0.2632213
0.3666547
8.9243367E-02
0.4299813
0.1030113
1.4838304E-02
0.4679381
8.4485620E-02
0.6680622

9.8093236E-03
0.1643820
0.8840824
8.7623820E-02
3.3022739E-02
8.3176672E-02
0.2605560
0.1770245
0.8901150
0.2179669
4.8442677E-02
0.1378756
0.1758969
0.1960329
0.3908549
8.2162479E-03
7.7521093E-02
0.2050813
0.3628547
3.1460714E-02
0.4280133
0.6749916
0.2479685
0.1716591
0.2885414
0.5403622
0.2513853
0.6608246
7.6418981E-02
0.1424261
3.3808418E-02
1.9553047E-02
0.2487603
0.1461732
0.3441677
0.5124832
0.3976353
0.5214928
8.6131208E-03
0.4236247
6.9242992E-02
0.2562872
0.1073386
7.0202790E-02
0.5306607
0.1760954
0.1432076
0.4888877
0.4321432
6.4318135E-02
0.1189194
2.7179651E-02
1.4268368E-02

9.3820117E-02
2.7531490E-02
0.1615932
0.3962018
0.5704292
3.5337567E-02
0.2752521
5.5436622E-02
3.6916893E-02
4.6939715E-03
5.4214690E-03
5.2190971E-02
0.6379666
0.7705320
0.1577598
1.307437
0.1195678
0.9369589
7.6008723E-03
0.7922223
0.1238986
0.2305386
0.3250495
0.2125293
0.1670206
0.6525599
3.2907452E-02
1.036502
7.7903126E-03
9.1891006E-02
0.2056521
7.7281892E-02
0.7610804
0.2139468
3.1569026E-02
0.3920255
0.1026851
1.095767
6.7386352E-02
0.1049365
3.5302185E-02
1.051914
0.7960871
0.1192661
0.1228358
0.2226935
7.0769355E-02
0.8356217
0.6048315
0.5374543
0.1805467
0.5405947
0.6230639

0.3440032
0.5926045
0.2280303
1.7353935E-02
0.3189625
0.3597190
0.3094333
0.2004812
0.1874910
0.1719086
3.2728627E-02
0.5111850
0.3060772
9.0377793E-02
0.1782764
1.221846
0.7765954
0.1708226
0.1416105
9.1966331E-02
0.1400439
0.2104558
1.085944
0.1745060
1.395020
6.4908758E-02
0.5951108
0.4941096
1.695779
8.5778296E-02
0.1449697
0.1899478
0.4320557
1.165311
0.1728276
0.4266129
0.1070689
0.1334021
9.8749399E-02
0.1036236
0.3874941
0.1195667
0.7702125
0.5054973
7.1141995E-02
3.6950339E-02
0.2470863
8.9503743E-02
0.4839223
0.2574261
0.6302592
0.8069273

0.2697642
1.306622
0.2223855
8.4440753E-02
3.8619921E-02
0.3841200
0.5922871
0.5189523
4.4555772E-02
0.6904197
0.6689802
5.5280343E-02
0.1878274
2.0816512E-02
0.2231083
0.7900415
2.2944180E-02
1.008104
0.1324262
8.7580703E-02
0.1830726
0.3205583
0.2244036
0.1119164
0.1266446
0.2882378
0.1478227
5.6678254E-02
6.2078089E-03
3.7854273E-02
0.1018012
6.1250467E-02
6.5583907E-02
0.5755301
7.6300554E-02
0.3046548
0.2613855
0.2500681
0.2723966
0.5980065
5.7159260E-02
0.2079877
0.2514627
0.3975255
3.9180461E-02
0.5983819
0.1207160
0.1249976
0.3473325
0.1399454
7.6124132E-02
0.2457670

7.3914446E-02
0.2740226
1.047563
0.2312156
0.3999114
0.2208746
1.4816167E-02
0.3868645
0.1513660
7.8404374E-02
0.4096581
0.1692749
0.2261762
0.4633436
0.8431245
0.1348189
9.5441472E-03
0.1710707
0.6078449
0.1952856
0.4512653
0.2039051
0.2689119
0.5797994
9.7794540E-02
0.1788309
0.1383813
9.9314086E-02
0.1822494
0.3240921
9.0793520E-02
0.1634181
7.7294089E-02
0.1622966
0.2416043
0.1898509
1.099662
0.2153602
0.2459163
2.5874862E-02
0.1121852
4.5043923E-04
0.3971938
1.1563230E-02
1.1193141E-02
2.310816
0.3085951
0.4345405
4.1407753E-02
0.1433742
8.9695655E-02
5.8721595E-02

2.3353115E-02
6.9041945E-02
0.1180190
9.9813305E-02
3.2460671E-02
0.2532106
1.1864197E-02
0.3840712
1.8436002E-02
0.1300192
0.1497615
0.4160042
4.8715468E-02
8.6223617E-02
0.4014852
0.1359166
0.7772869
0.5229946
0.5901772
0.4436082
0.3016149
0.5504519
0.2980840
0.1666577
0.4836217
1.427115
0.3596418
0.1099462
3.4450952E-02
0.1194460
0.3503393
0.2898388
0.1075551
3.4392178E-02
0.3299399
0.5135779
0.2591670
0.1157070
5.8309086E-02
8.2716152E-02
0.1919415
0.1783700
0.4488114
0.1623211
0.1070870
1.721542
0.9738403
0.8203359
0.2603984
0.4937397
0.4683979
0.8235919

1.6775060E-02
0.7210703
0.9690215
0.4429882
0.1319493
1.9139653E-02
0.6492952
0.4485465
0.7977850
4.9706820E-02
0.1447867
0.2051744
7.4589476E-02
0.5355671
0.1648009
0.5709900
7.6208465E-02
0.7855563
0.5126256
9.1224186E-02
0.8186374
8.0026820E-02
7.8307942E-02
0.6643311
0.1862906
0.6350402
1.3430986E-02
0.4514513
0.7015510
0.1869443
0.3827590
3.8251560E-02
4.7812078E-02
0.5678119
6.1914735E-02
7.3945359E-03
0.4425237
4.3597162E-02
0.2492387
0.5094354
0.2424040
0.9569931
1.782960
3.8535357E-02
0.7246197
0.1753943
0.2203803
6.8660289E-02
0.3461949
2.5614660E-02
5.0747894E-02
0.2321675
0.3487561

0.2443497
8.0545448E-02
0.4781902
0.1084166
0.2430494
0.3539480
0.6214358
0.6465954
9.6511595E-02
2.8666181E-02
1.185660
0.2921339
0.3170556
0.3256682
8.4438190E-02
3.0383624E-03
0.2318523
0.4317937
0.1452194
0.2906802
1.2277883E-02
0.5375903
0.5139475
0.2517806
8.8121548E-02
0.1565690
0.2364644
0.8492613
0.4921079
1.0528953E-03
1.4302200E-03
1.061848
0.9095820
0.2210051
0.1900473
0.2762357
0.6096708
0.1033586
0.7386145
1.6982029E-03
0.1743849
0.1515025
0.2897066
0.2198074
0.1003143
0.5396059
1.346575
5.7550680E-02
2.7840536E-02
0.4299045
7.4033387E-02
0.1507366
1.2970421E-02

0.1816571
0.1282708
0.2458933
0.2447557
1.5088810E-02
0.5919114
0.2911665
0.1089097
0.2059609
0.3102127
1.121314
0.2326003
0.2425675
0.8695590
0.2112891
0.1099443
9.7069638E-03
0.1578124
0.3321051
8.5534237E-02
0.6015800
1.068134
0.8386297
5.2590508E-02
2.3352435E-02
5.6162093E-02
1.5535080E-02
0.1294319
0.1172058
0.1984472
1.8495839E-02
6.5133110E-02
5.0035968E-02
0.3424908
0.3042534
0.1829719
0.3841883
0.8325691
8.7584496E-02
0.2812025
0.1538500
0.1983492
0.1328859
0.5346475
2.6693996E-02
0.2026921
0.1271589
0.1193827
0.1812862
0.2124195
0.2100458
1.078227
0.1011791

1.0770477E-02
0.1585429
0.2646965
0.1494951
5.0422464E-02
0.1722624
0.4473677
0.1736218
0.2561440
0.8806294
0.7505491
0.2128347
0.2525799
5.1852655E-02
9.9985927E-02
0.2607974
1.308656
0.2415565
0.1028028
0.1288344
0.6181386
1.066428
0.1809153
0.3114276
2.6382815E-02
1.129632
0.5967245
0.1635571










































































